{
    "avg": 48.505130767822266,
    "min": 5.881438732147217,
    "range": 125.81834411621094,
    "std": 35.108612060546875
}