{
    "avg": 114.20867919921875,
    "min": 4.107535362243652,
    "range": 433.16546630859375,
    "std": 79.16757202148438
}