{
    "avg": 4.88212776184082,
    "min": 0.0,
    "range": 224.2487030029297,
    "std": 16.673431396484375
}