{
    "avg": 0.9987980723381042,
    "min": 0.800168514251709,
    "range": 0.39982473850250244,
    "std": 0.11581256240606308
}