{
    "avg": 75.15969848632812,
    "min": 35.65469741821289,
    "range": 134.80638122558594,
    "std": 17.628450393676758
}