{
    "avg": 98.32124328613281,
    "min": 48.30634307861328,
    "range": 81.34819793701172,
    "std": 18.959936141967773
}