{
    "avg": 114.40333557128906,
    "min": 41.43720245361328,
    "range": 192.98208618164062,
    "std": 34.76838302612305
}