{
    "avg": 19.806774139404297,
    "min": 0.0,
    "range": 85.92212677001953,
    "std": 14.232796669006348
}