{
    "avg": 181.64906311035156,
    "min": 39.509193420410156,
    "range": 241.76593017578125,
    "std": 56.98230743408203
}