{
    "avg": 819.1898193359375,
    "min": 424.5968322753906,
    "range": 746.3438720703125,
    "std": 142.9720001220703
}