{
    "avg": 6.8616228103637695,
    "min": 3.0800068378448486,
    "range": 7.479948043823242,
    "std": 2.1729166507720947
}