{
    "avg": 0.4569341838359833,
    "min": 0.0,
    "range": 4.878806114196777,
    "std": 0.39938580989837646
}