{
    "avg": -29.62276268005371,
    "min": -128.02342224121094,
    "range": 203.96641540527344,
    "std": 26.403610229492188
}