{
    "avg": 36.22545623779297,
    "min": -203.06056213378906,
    "range": 474.73974609375,
    "std": 104.07860565185547
}