{
    "avg": 2.771183490753174,
    "min": 0.0020779140759259462,
    "range": 6.662216663360596,
    "std": 1.6510593891143799
}