{
    "avg": 1.1440129280090332,
    "min": 0.9002062082290649,
    "range": 0.49927592277526855,
    "std": 0.14385882019996643
}